1 1000
3268,00842285156 4,303008
3268,15856933594 8,606016
3268,30871582031 -2,891377
3268,45886230469 -2,943307
3268,60900878906 0,1751811
3268,75915527344 2,762278
3268,90930175781 -26,75465
3269,05944824219 3,256078
3269,20959472656 -10,79679
3269,35974121094 -14,54707
3269,50988769531 -3,140177
3269,66003417969 -5,651921
3269,81018066406 -18,58336
3269,96032714844 -10,84448
3270,11047363281 -8,992691
3270,26062011719 -4,101047
3270,41076660156 -5,917039
3270,56091308594 -9,500858
3270,71105957031 -21,30078
3270,86120605469 -2,58426
3271,01135253906 3,311656
3271,16149902344 -15,75806
3271,31164550781 -9,651267
3271,46179199219 6,924085
3271,61193847656 9,777785
3271,76208496094 -21,21529
3271,91223144531 -27,36906
3272,06237792969 1,35559
3272,21252441406 5,080134
3272,36267089844 -0,8260265
3272,51281738281 -1,913907
3272,66296386719 4,856756
3272,81311035156 -15,29206
3272,96325683594 -11,62031
3273,11340332031 3,282684
3273,26354980469 -1,209593
3273,41369628906 -13,10652
3273,56384277344 -21,91673
3273,71398925781 -0,4179075
3273,86413574219 -5,029585
3274,01428222656 -13,27167
3274,16442871094 -3,837591
3274,31457519531 -21,55939
3274,46502685547 3,09508
3274,61517333984 3,088857
3274,76531982422 9,857316
3274,91546630859 8,127931
3275,06561279297 -20,16638
3275,21575927734 -10,82782
3275,36590576172 3,634724
3275,51605224609 6,32847
3275,66619873047 -0,06952018
3275,81634521484 3,044107
3275,96649169922 0,396591
3276,11663818359 8,916755
3276,26678466797 -0,8240258
3276,41693115234 7,619777
3276,56707763672 2,657044
3276,71722412109 -4,010186
3276,86737060547 19,03342
3277,01751708984 6,724056
3277,16766357422 14,71188
3277,31781005859 1,614784
3277,46795654297 7,31949
3277,61810302734 6,85445
3277,76824951172 8,478303
3277,91839599609 9,664657
3278,06854248047 16,59674
3278,21868896484 9,411183
3278,36883544922 17,18499
3278,51898193359 19,53125
3278,66912841797 9,770067
3278,81927490234 23,78519
3278,96942138672 29,51113
3279,11956787109 30,2378
3279,26971435547 -0,9227124
3279,41986083984 11,10869
3279,57000732422 11,56527
3279,72015380859 23,51215
3279,87030029297 23,18897
3280,02044677734 23,78882
3280,17059326172 18,54641
3280,32073974609 3,758004
3280,47088623047 7,351815
3280,62103271484 19,22686
3280,77117919922 14,65271
3280,92132568359 19,57159
3281,07147216797 20,6814
3281,22161865234 -7,224771
3281,37176513672 2,846411
3281,52191162109 4,980447
3281,67205810547 -17,63397
3281,82220458984 -5,229328
3281,97235107422 -22,23459
3282,12249755859 5,560602
3282,27264404297 -0,4443091
3282,42279052734 -25,38188
3282,57293701172 -6,878477
3282,72308349609 8,64214
3282,87322998047 -8,520436
3283,02337646484 -19,39543
3283,17352294922 10,41182
3283,32366943359 -7,399727
3283,47381591797 -21,01188
3283,62396240234 -0,9313915
3283,77410888672 -1,275558
3283,92425537109 -7,339598
3284,07440185547 -7,26577
3284,22454833984 17,81955
3284,37469482422 11,03716
3284,52484130859 -0,1059297
3284,67498779297 10,88847
3284,82513427734 -1,396525
3284,97528076172 -10,79723
3285,12542724609 -9,161104
3285,27557373047 -23,70003
3285,42572021484 -36,57027
3285,57586669922 -23,10888
3285,72601318359 -42,10535
3285,87615966797 -31,95393
3286,02630615234 -18,57289
3286,17645263672 -61,26874
3286,32659912109 -55,07565
3286,47674560547 -52,87027
3286,62689208984 -69,62097
3286,77703857422 -54,21424
3286,92718505859 -64,19167
3287,07763671875 -67,29249
3287,22778320313 -60,23078
3287,3779296875 -66,09449
3287,52807617188 -45,13223
3287,67822265625 -49,09735
3287,82836914063 -65,49598
3287,978515625 -22,01043
3288,12866210938 -36,57897
3288,27880859375 -44,61758
3288,42895507813 -47,44228
3288,5791015625 -32,46124
3288,72924804688 -37,95073
3288,87939453125 -18,88322
3289,02954101563 -37,8028
3289,1796875 -12,07684
3289,32983398438 -15,08541
3289,47998046875 -12,61565
3289,63012695313 3,004844
3289,7802734375 -18,49774
3289,93041992188 -11,77996
3290,08056640625 8,735333
3290,23071289063 -0,9591331
3290,380859375 25,22291
3290,53100585938 21,39318
3290,68115234375 28,04871
3290,83129882813 32,50504
3290,9814453125 57,65848
3291,13159179688 60,33943
3291,28173828125 71,06681
3291,43188476563 76,15443
3291,58203125 91,10181
3291,73217773438 116,775
3291,88232421875 139,2619
3292,03247070313 153,0228
3292,1826171875 171,6244
3292,33276367188 198,0454
3292,48291015625 232,9715
3292,63305664063 277,5811
3292,783203125 323,9252
3292,93334960938 402,1748
3293,08349609375 491,0365
3293,23364257813 627,4091
3293,3837890625 775,2007
3293,53393554688 992,3423
3293,68408203125 1323,071
3293,83422851563 1831,582
3293,984375 2557,082
3294,13452148438 3575,315
3294,28466796875 4854,226
3294,43481445313 6249,04
3294,5849609375 7342,655
3294,73510742188 7782,719
3294,88525390625 7442,778
3295,03540039063 6532,105
3295,185546875 5303,731
3295,33569335938 3947,548
3295,48583984375 2544,453
3295,63598632813 1207,667
3295,7861328125 -139,8869
3295,93627929688 -1552,801
3296,08642578125 -2982,5
3296,23657226563 -4366,631
3296,38671875 -5698,997
3296,53686523438 -6918,981
3296,68701171875 -7734,732
3296,83715820313 -7859,96
3296,9873046875 -7126,334
3297,13745117188 -5855,499
3297,28759765625 -4484
3297,43774414063 -3325,403
3297,587890625 -2421,081
3297,73803710938 -1750,28
3297,88818359375 -1328,524
3298,03833007813 -1012,848
3298,1884765625 -808,4717
3298,33862304688 -648,6757
3298,48876953125 -533,725
3298,63891601563 -454,7466
3298,7890625 -380,8762
3298,93920898438 -334,7752
3299,08935546875 -296,3097
3299,23950195313 -245,6793
3299,3896484375 -232,4033
3299,54010009766 -215,2465
3299,69024658203 -191,0293
3299,84039306641 -155,4086
3299,99053955078 -131,3906
3300,14068603516 -135,8335
3300,29083251953 -119,6983
3300,44097900391 -98,31886
3300,59112548828 -101,2544
3300,74127197266 -82,23951
3300,89141845703 -70,68126
3301,04156494141 -65,34856
3301,19171142578 -59,76496
3301,34185791016 -53,15293
3301,49200439453 -39,0394
3301,64215087891 -51,70471
3301,79229736328 -40,71426
3301,94244384766 -33,73742
3302,09259033203 -34,92651
3302,24273681641 -30,18246
3302,39288330078 -16,68814
3302,54302978516 -15,66651
3302,69317626953 -17,52218
3302,84332275391 -17,04899
3302,99346923828 -11,69481
3303,14361572266 -12,36609
3303,29376220703 -19,38045
3303,44390869141 11,19363
3303,59405517578 -3,00747
3303,74420166016 7,416208
3303,89434814453 7,016358
3304,04449462891 9,780595
3304,19464111328 24,32308
3304,34478759766 -9,437185
3304,49493408203 -3,32878
3304,64508056641 8,247982
3304,79522705078 -8,125209
3304,94537353516 -11,4279
3305,09552001953 -15,46733
3305,24566650391 -24,76122
3305,39581298828 -4,057756
3305,54595947266 -19,832
3305,69610595703 -32,48277
3305,84625244141 -51,23246
3305,99639892578 -59,3296
3306,14654541016 -36,65331
3306,29669189453 -52,75444
3306,44683837891 -63,88444
3306,59698486328 -53,96624
3306,74713134766 -66,01733
3306,89727783203 -59,61273
3307,04742431641 -55,23624
3307,19757080078 -45,79834
3307,34771728516 -67,67345
3307,49786376953 -52,33325
3307,64801025391 -41,88171
3307,79815673828 -49,973
3307,94830322266 -60,80449
3308,09844970703 -62,26838
3308,24859619141 -52,18586
3308,39874267578 -67,82693
3308,54888916016 -68,5773
3308,69903564453 -59,13997
3308,84918212891 -87,35587
3308,99932861328 -69,44369
3309,14947509766 -66,72178
3309,29962158203 -60,26077
3309,44976806641 -75,37985
3309,59991455078 -58,40515
3309,75006103516 -71,75346
3309,90020751953 -65,77637
3310,05035400391 -76,81258
3310,20050048828 -73,55402
3310,35064697266 -75,86739
3310,50079345703 -82,74746
3310,65093994141 -70,75779
3310,80108642578 -59,48963
3310,95123291016 -72,9138
3311,10137939453 -71,40097
3311,25152587891 -93,01
3311,40167236328 -64,77921
3311,55181884766 -71,79111
3311,70196533203 -78,18594
3311,85211181641 -92,78963
3312,00256347656 -47,74091
3312,15270996094 -62,24601
3312,30285644531 -73,93062
3312,45300292969 -85,33234
3312,60314941406 -67,11247
3312,75329589844 -71,10798
3312,90344238281 -65,43974
3313,05358886719 -67,26715
3313,20373535156 -52,93897
3313,35388183594 -50,41062
3313,50402832031 -47,99696
3313,65417480469 -50,76474
3313,80432128906 -49,461
3313,95446777344 -53,72792
3314,10461425781 -46,87075
3314,25476074219 -43,50743
3314,40490722656 -59,085
3314,55505371094 -49,38963
3314,70520019531 -65,41956
3314,85534667969 -61,63062
3315,00549316406 -72,68169
3315,15563964844 -49,43998
3315,30578613281 -50,76116
3315,45593261719 -57,89774
3315,60607910156 -48,25605
3315,75622558594 -53,42099
3315,90637207031 -42,69712
3316,05651855469 -42,62684
3316,20666503906 -34,29888
3316,35681152344 -59,27239
3316,50695800781 -52,70976
3316,65710449219 -40,79449
3316,80725097656 -36,76126
3316,95739746094 -49,28307
3317,10754394531 -43,20384
3317,25769042969 -44,60099
3317,40783691406 -64,1076
3317,55798339844 -49,56047
3317,70812988281 -40,00348
3317,85827636719 -49,33424
3318,00842285156 -52,9397
3318,15856933594 -42,30334
3318,30871582031 -39,44577
3318,45886230469 -37,91738
3318,60900878906 -55,14865
3318,75915527344 -41,34799
3318,90930175781 -30,58475
3319,05944824219 -36,79425
3319,20959472656 -34,11946
3319,35974121094 -34,23689
3319,50988769531 -54,70433
3319,66003417969 -44,05454
3319,81018066406 -39,57639
3319,96032714844 -24,3173
3320,11047363281 -34,55307
3320,26062011719 -40,47491
3320,41076660156 -42,19441
3320,56091308594 -14,22589
3320,71105957031 -25,29828
3320,86120605469 -44,3918
3321,01135253906 -6,404328
3321,16149902344 -37,91671
3321,31164550781 -35,00826
3321,46179199219 -41,583
3321,61193847656 -46,52272
3321,76208496094 -29,52884
3321,91223144531 -35,92408
3322,06237792969 -39,27179
3322,21252441406 -36,57534
3322,36267089844 -50,28613
3322,51281738281 -42,18921
3322,66296386719 -55,35418
3322,81311035156 -54,38451
3322,96325683594 -56,93064
3323,11340332031 -40,84211
3323,26354980469 -46,04045
3323,41369628906 -53,16229
3323,56384277344 -60,35337
3323,71398925781 -56,28348
3323,86413574219 -71,46152
3324,01428222656 -79,24177
3324,16442871094 -83,19657
3324,31457519531 -79,64508
3324,46502685547 -95,25509
3324,61517333984 -125,9612
3324,76531982422 -110,2223
3324,91546630859 -110,6118
3325,06561279297 -112,6146
3325,21575927734 -131,434
3325,36590576172 -122,2044
3325,51605224609 -127,737
3325,66619873047 -133,9985
3325,81634521484 -108,035
3325,96649169922 -120,8181
3326,11663818359 -101,5091
3326,26678466797 -70,91595
3326,41693115234 -54,1952
3326,56707763672 -30,10858
3326,71722412109 -28,79935
3326,86737060547 -30,95363
3327,01751708984 -1,544912
3327,16766357422 -1,566939
3327,31781005859 -15,28461
3327,46795654297 -13,96152
3327,61810302734 -33,67823
3327,76824951172 -18,01679
3327,91839599609 -38,0787
3328,06854248047 -17,14894
3328,21868896484 -48,02187
3328,36883544922 -52,63957
3328,51898193359 -51,62144
3328,66912841797 -53,38452
3328,81927490234 -59,39313
3328,96942138672 -70,12995
3329,11956787109 -57,23782
3329,26971435547 -44,51917
3329,41986083984 -36,30337
3329,57000732422 -46,78158
3329,72015380859 -15,54758
3329,87030029297 -16,23483
3330,02044677734 -6,499382
3330,17059326172 4,355655
3330,32073974609 -3,041378
3330,47088623047 11,24077
3330,62103271484 24,20449
3330,77117919922 25,11588
3330,92132568359 14,92107
3331,07147216797 4,515276
3331,22161865234 30,83001
3331,37176513672 27,51721
3331,52191162109 22,92553
3331,67205810547 56,90605
3331,82220458984 30,60567
3331,97235107422 37,9947
3332,12249755859 31,94162
3332,27264404297 54,13335
3332,42279052734 56,30117
3332,57293701172 41,26846
3332,72308349609 50,954
3332,87322998047 57,50422
3333,02337646484 48,3547
3333,17352294922 74,51367
3333,32366943359 80,40887
3333,47381591797 104,4449
3333,62396240234 80,79018
3333,77410888672 109,9327
3333,92425537109 95,12689
3334,07440185547 98,30628
3334,22454833984 115,0325
3334,37469482422 103,1116
3334,52484130859 112,1738
3334,67498779297 121,8551
3334,82513427734 138,2309
3334,97528076172 135,4242
3335,12542724609 138,5825
3335,27557373047 158,0527
3335,42572021484 165,4534
3335,57586669922 171,587
3335,72601318359 157,0733
3335,87615966797 181,1777
3336,02630615234 188,4951
3336,17645263672 213,049
3336,32659912109 220,7645
3336,47674560547 237,7122
3336,62689208984 240,1005
3336,77703857422 267,0026
3336,92718505859 283,8647
3337,07763671875 295,55
3337,22778320313 325,6325
3337,3779296875 342,6028
3337,52807617188 349,445
3337,67822265625 393,0408
3337,82836914063 408,8622
3337,978515625 442,4343
3338,12866210938 473,4086
3338,27880859375 498,2101
3338,42895507813 548,1629
3338,5791015625 620,2656
3338,72924804688 647,2945
3338,87939453125 697,2757
3339,02954101563 783,3586
3339,1796875 841,4144
3339,32983398438 933,2208
3339,47998046875 1024,951
3339,63012695313 1117,146
3339,7802734375 1266,673
3339,93041992188 1422,629
3340,08056640625 1595,944
3340,23071289063 1793,216
3340,380859375 2074,557
3340,53100585938 2379,534
3340,68115234375 2789,065
3340,83129882813 3237,527
3340,9814453125 3784,882
3341,13159179688 4480,38
3341,28173828125 5233,174
3341,43188476563 6023,338
3341,58203125 6820,711
3341,73217773438 7503,033
3341,88232421875 7995,025
3342,03247070313 8226,392
3342,1826171875 8186,507
3342,33276367188 7897,425
3342,48291015625 7366,074
3342,63305664063 6630,953
3342,783203125 5686,017
3342,93334960938 4604,109
3343,08349609375 3337,998
3343,23364257813 1916,281
3343,3837890625 395,1017
3343,53393554688 -1203,417
3343,68408203125 -2764,712
3343,83422851563 -4151,735
3343,984375 -5319,029
3344,13452148438 -6245,101
3344,28466796875 -6867,231
3344,43481445313 -7229,439
3344,5849609375 -7370,367
3344,73510742188 -7324,023
3344,88525390625 -7169,62
3345,03540039063 -6891,514
3345,185546875 -6566,872
3345,33569335938 -6109,595
3345,48583984375 -5625,716
3345,63598632813 -5070,793
3345,7861328125 -4516,046
3345,93627929688 -3973,58
3346,08642578125 -3476,806
3346,23657226563 -3030,953
3346,38671875 -2612,981
3346,53686523438 -2290,434
3346,68701171875 -1995,253
3346,83715820313 -1730,301
3346,9873046875 -1529,207
3347,13745117188 -1334,64
3347,28759765625 -1190,163
3347,43774414063 -1064,094
3347,587890625 -933,3248
3347,73803710938 -836,8069
3347,88818359375 -735,9272
3348,03833007813 -640,7015
3348,1884765625 -581,3976
3348,33862304688 -524,9865
3348,48876953125 -480,643
3348,63891601563 -457,8762
3348,7890625 -421,6961
3348,93920898438 -397,2666
3349,08935546875 -373,1359
3349,23950195313 -356,5798
3349,3896484375 -343,2367
3349,54010009766 -332,7525
3349,69024658203 -325,847
3349,84039306641 -310,8735
3349,99053955078 -308,1343
3350,14068603516 -305,6716
3350,29083251953 -285,271
3350,44097900391 -274,5623
3350,59112548828 -251,0098
3350,74127197266 -235,7987
3350,89141845703 -213,8402
3351,04156494141 -204,2997
3351,19171142578 -192,9094
3351,34185791016 -173,8766
3351,49200439453 -186,3694
3351,64215087891 -173,1995
3351,79229736328 -156,9246
3351,94244384766 -150,7384
3352,09259033203 -136,6971
3352,24273681641 -146,6137
3352,39288330078 -133,7627
3352,54302978516 -112,8917
3352,69317626953 -113,9881
3352,84332275391 -124,7781
3352,99346923828 -113,0656
3353,14361572266 -104,5883
3353,29376220703 -102,2313
3353,44390869141 -67,41426
3353,59405517578 -62,02998
3353,74420166016 -54,50438
3353,89434814453 -66,39909
3354,04449462891 -55,90563
3354,19464111328 -52,29048
3354,34478759766 -55,13923
3354,49493408203 -52,39567
3354,64508056641 -38,79795
3354,79522705078 -27,93023
3354,94537353516 -2,700977
3355,09552001953 5,082208
3355,24566650391 -5,173004
3355,39581298828 8,179193
3355,54595947266 20,22203
3355,69610595703 -6,549657
3355,84625244141 10,96556
3355,99639892578 0,17733
3356,14654541016 -5,438739
3356,29669189453 -18,48058
3356,44683837891 -8,936234
3356,59698486328 -26,86535
3356,74713134766 -12,13042
3356,89727783203 -50,94299
3357,04742431641 -32,68889
3357,19757080078 -24,28122
3357,34771728516 -23,30344
3357,49786376953 -39,90349
3357,64801025391 -31,40472
3357,79815673828 -28,85411
3357,94830322266 -22,86264
3358,09844970703 -22,73386
3358,24859619141 -30,9063
3358,39874267578 -44,30104
3358,54888916016 -28,20871
3358,69903564453 -28,06867
3358,84918212891 -22,27366
3358,99932861328 -17,74541
3359,14947509766 -28,02761
3359,29962158203 -25,19594
3359,44976806641 -12,59175
3359,59991455078 -31,19151
3359,75006103516 -8,537186
3359,90020751953 -18,24561
3360,05035400391 -19,90734
3360,20050048828 -0,8877912
3360,35064697266 -17,86856
3360,50079345703 -17,64633
3360,65093994141 7,56359
3360,80108642578 9,740917
3360,95123291016 2,292808
3361,10137939453 15,09254
3361,25152587891 -13,1841
3361,40167236328 -5,864406
3361,55181884766 -11,88731
3361,70196533203 -9,620587
3361,85211181641 -6,025199
3362,00256347656 -3,125402
3362,15270996094 -24,12729
3362,30285644531 2,729098
3362,45300292969 6,994586
3362,60314941406 -14,61953
3362,75329589844 -0,8070573
3362,90344238281 -23,36302
3363,05358886719 -2,19202
3363,20373535156 -25,76439
3363,35388183594 -11,81494
3363,50402832031 -5,773063
3363,65417480469 -4,649452
3363,80432128906 -17,9379
3363,95446777344 -13,39767
3364,10461425781 -25,47841
3364,25476074219 -22,05411
3364,40490722656 -24,14514
3364,55505371094 -4,317537
3364,70520019531 -20,08542
3364,85534667969 -2,214792
3365,00549316406 0,3361053
3365,15563964844 -26,68431
3365,30578613281 -5,181536
3365,45593261719 -14,80218
3365,60607910156 -17,27116
3365,75622558594 -5,004832
3365,90637207031 6,510423
3366,05651855469 -11,03041
3366,20666503906 -10,22494
3366,35681152344 1,152355
3366,50695800781 -6,361899
3366,65710449219 18,14079
3366,80725097656 -6,6108
3366,95739746094 -5,326735
3367,10754394531 4,484107
3367,25769042969 18,17042
3367,40783691406 -10,45786
3367,55798339844 9,497025
3367,70812988281 8,63326
3367,85827636719 -0,8877527
3368,00842285156 12,04816
3368,15856933594 -13,51612
3368,30871582031 4,870853
3368,45886230469 -8,263965
3368,60900878906 -13,18952
3368,75915527344 -29,12677
3368,90930175781 -23,90284
3369,05944824219 -28,09233
3369,20959472656 -36,96058
3369,35974121094 -43,89354
3369,50988769531 -44,97112
3369,66003417969 -62,38756
3369,81018066406 -46,64035
3369,96032714844 -49,62017
3370,11047363281 -37,95227
3370,26062011719 -72,44167
3370,41076660156 -58,45567
3370,56091308594 -50,26366
3370,71105957031 -47,17378
3370,86120605469 -63,82401
3371,01135253906 -41,04438
3371,16149902344 -54,85976
3371,31164550781 -40,52089
3371,46179199219 -48,52092
3371,61193847656 -49,05342
3371,76208496094 -42,90452
3371,91223144531 -62,1955
3372,06237792969 -46,46535
3372,21252441406 -48,39613
3372,36267089844 -55,04277
3372,51281738281 -41,10177
3372,66296386719 -38,46103
3372,81311035156 -36,55891
3372,96325683594 -35,48997
3373,11340332031 -34,61238
3373,26354980469 -35,06854
3373,41369628906 -4,80839
3373,56384277344 -30,53871
3373,71398925781 -32,06834
3373,86413574219 -29,7038
3374,01428222656 -25,90982
3374,16442871094 -36,10022
3374,31457519531 -18,33099
3374,46502685547 -33,74783
3374,61517333984 -22,50198
3374,76531982422 -44,76817
3374,91546630859 -17,71124
3375,06561279297 -11,32011
3375,21575927734 -3,300161
3375,36590576172 0,9557148
3375,51605224609 -4,647473
3375,66619873047 11,19407
3375,81634521484 2,740291
3375,96649169922 21,56835
3376,11663818359 56,60844
3376,26678466797 49,07933
3376,41693115234 48,85971
3376,56707763672 70,42976
3376,71722412109 83,02834
3376,86737060547 89,64312
3377,01751708984 113,5409
3377,16766357422 112,7283
3377,31781005859 146,5734
3377,46795654297 158,1193
3377,61810302734 190,0399
3377,76824951172 212,5533
3377,91839599609 251,4046
3378,06854248047 305,6858
3378,21868896484 379,0868
3378,36883544922 436,0056
3378,51898193359 519,1479
3378,66912841797 633,4257
3378,81927490234 825,3924
3378,96942138672 1065,732
3379,11956787109 1421,385
3379,26971435547 1897,506
3379,41986083984 2668,163
3379,57000732422 3663,478
3379,72015380859 4964,072
3379,87030029297 6291,193
3380,02044677734 7342,724
3380,17059326172 7794,594
3380,32073974609 7486,715
3380,47088623047 6575,28
3380,62103271484 5378,124
3380,77117919922 4050,169
3380,92132568359 2692,958
3381,07147216797 1348,81
3381,22161865234 43,19197
3381,37176513672 -1289,951
3381,52191162109 -2610,878
3381,67205810547 -3938,763
3381,82220458984 -5264,896
3381,97235107422 -6429,907
3382,12249755859 -7236,418
3382,27264404297 -7355,544
3382,42279052734 -6634,638
3382,57293701172 -5458,857
3382,72308349609 -4219,771
3382,87322998047 -3141,557
3383,02337646484 -2375,023
3383,17352294922 -1929,969
3383,32366943359 -1579,052
3383,47381591797 -1372,618
3383,62396240234 -1248,819
3383,77410888672 -1159,266
3383,92425537109 -1061,588
3384,07440185547 -937,7765
3384,22454833984 -825,832
3384,37469482422 -698,1079
3384,52484130859 -598,3972
3384,67498779297 -509,9064
3384,82513427734 -436,4055
3384,97528076172 -365,2378
3385,12542724609 -304,6155
3385,27557373047 -267,9951
3385,42572021484 -238,8866
3385,57586669922 -214,0448
3385,72601318359 -185,1515
3385,87615966797 -174,9023
3386,02630615234 -154,7007
3386,17645263672 -134,2159
3386,32659912109 -137,8519
3386,47674560547 -101,6595
3386,62689208984 -109,1341
3386,77703857422 -86,26315
3386,92718505859 -90,89523
3387,07763671875 -71,33149
3387,22778320313 -66,16746
3387,3779296875 -68,46883
3387,52807617188 -67,13039
3387,67822265625 -56,64222
3387,82836914063 -33,71295
3387,978515625 -38,36441
3388,12866210938 -47,37304
3388,27880859375 -23,02401
3388,42895507813 -33,65758
3388,5791015625 -13,6181
3388,72924804688 -19,24527
3388,87939453125 -14,24432
3389,02954101563 -33,27181
3389,1796875 -12,02709
3389,32983398438 -4,739468
3389,47998046875 -25,96677
3389,63012695313 -21,20109
3389,7802734375 -19,76577
3389,93041992188 -8,377602
3390,08056640625 -8,258528
3390,23071289063 -5,09468
3390,380859375 -5,068122
3390,53100585938 -4,095201
3390,68115234375 8,7474
3390,83129882813 -3,545182
3390,9814453125 -4,193267
3391,13159179688 2,948427
3391,28173828125 -15,24709
3391,43188476563 -16,51715
3391,58203125 -34,50607
3391,73217773438 -26,39545
3391,88232421875 -15,07675
3392,03247070313 -25,87859
3392,1826171875 -40,23175
3392,33276367188 -32,24553
3392,48291015625 -49,71787
3392,63305664063 -31,83622
3392,783203125 -46,61783
3392,93334960938 -52,62218
3393,08349609375 -75,04509
3393,23364257813 -62,5236
3393,3837890625 -68,59219
3393,53393554688 -78,11167
3393,68408203125 -75,31355
3393,83422851563 -82,18186
3393,984375 -80,38525
3394,13452148438 -97,55226
3394,28466796875 -98,61074
3394,43481445313 -100,6559
3394,5849609375 -93,6552
3394,73510742188 -66,38744
3394,88525390625 -86,34539
3395,03540039063 -92,67511
3395,185546875 -100,6548
3395,33569335938 -88,74385
3395,48583984375 -92,08793
3395,63598632813 -83,90295
3395,7861328125 -71,17191
3395,93627929688 -82,24184
3396,08642578125 -67,40476
3396,23657226563 -65,10529
3396,38671875 -77,41185
3396,53686523438 -56,45221
3396,68701171875 -80,75484
3396,83715820313 -67,70949
3396,9873046875 -82,82343
3397,13745117188 -63,57045
3397,28759765625 -64,69152
3397,43774414063 -70,61413
3397,587890625 -43,39415
3397,73803710938 -63,66882
3397,88818359375 -59,42439
3398,03833007813 -65,98424
3398,1884765625 -73,83593
3398,33862304688 -52,76664
3398,48876953125 -62,7589
3398,63891601563 -49,10061
3398,7890625 -66,5098
3398,93920898438 -68,61069
3399,08935546875 -58,57744
3399,23950195313 -70,34229
3399,3896484375 -55,98381
3399,54010009766 -50,00114
3399,69024658203 -63,27275
3399,84039306641 -52,78828
3399,99053955078 -55,16232
3400,14068603516 -52,31789
3400,29083251953 -65,05257
3400,44097900391 -58,66499
3400,59112548828 -51,69065
3400,74127197266 -40,17574
3400,89141845703 -51,10301
3401,04156494141 -59,46771
3401,19171142578 -47,15067
3401,34185791016 -37,75274
3401,49200439453 -51,49776
3401,64215087891 -57,03763
3401,79229736328 -55,78334
3401,94244384766 -60,03791
3402,09259033203 -43,40419
3402,24273681641 -38,55685
3402,39288330078 -49,09793
3402,54302978516 -58,38042
3402,69317626953 -28,24306
3402,84332275391 -42,60101
3402,99346923828 -47,26095
3403,14361572266 -54,01407
3403,29376220703 -62,12251
3403,44390869141 -48,80003
3403,59405517578 -47,52406
3403,74420166016 -64,99836
3403,89434814453 -46,15391
3404,04449462891 -38,29234
3404,19464111328 -73,82957
3404,34478759766 -53,93275
3404,49493408203 -47,49483
3404,64508056641 -63,1619
3404,79522705078 -48,81712
3404,94537353516 -83,30718
3405,09552001953 -66,17899
3405,24566650391 -68,74017
3405,39581298828 -63,96914
3405,54595947266 -72,67332
3405,69610595703 -77,36906
3405,84625244141 -80,79337
3405,99639892578 -74,45853
3406,14654541016 -90,7394
3406,29669189453 -83,70337
3406,44683837891 -103,0807
3406,59698486328 -93,00965
3406,74713134766 -69,50662
3406,89727783203 -75,33852
3407,04742431641 -70,90521
3407,19757080078 -62,87388
3407,34771728516 -56,4986
3407,49786376953 -57,41223
3407,64801025391 -65,90515
3407,79815673828 -69,75588
3407,94830322266 -51,71437
3408,09844970703 -49,11911
3408,24859619141 -24,48623
3408,39874267578 -47,0772
3408,54888916016 -33,87129
3408,69903564453 -58,72835
3408,84918212891 -29,83451
3408,99932861328 -22,8888
3409,14947509766 -53,64745
3409,29962158203 -55,59287
3409,44976806641 -54,39259
3409,59991455078 -34,25168
3409,75006103516 -54,97455
3409,90020751953 -58,92583
3410,05035400391 -74,54101
3410,20050048828 -78,30733
3410,35064697266 -61,17071
3410,50079345703 -41,80879
3410,65093994141 -60,93666
3410,80108642578 -53,99493
3410,95123291016 -40,21209
3411,10137939453 -42,82403
3411,25152587891 -32,75498
3411,40167236328 -50,35247
3411,55181884766 -53,00161
3411,70196533203 -52,54622
3411,85211181641 -50,63591
3412,00256347656 -37,88466
3412,15270996094 -51,05547
3412,30285644531 -55,91516
3412,45300292969 -25,31508
3412,60314941406 -32,28286
3412,75329589844 -45,10986
3412,90344238281 -50,08549
3413,05358886719 -62,13094
3413,20373535156 -75,21038
3413,35388183594 -70,09411
3413,50402832031 -84,8882
3413,65417480469 -106,1773
3413,80432128906 -80,65391
3413,95446777344 -102,337
3414,10461425781 -95,91552
3414,25476074219 -119,6963
3414,40490722656 -99,27392
3414,55505371094 -107,1313
3414,70520019531 -114,3137
3414,85534667969 -115,4457
3415,00549316406 -91,83678
3415,15563964844 -92,3962
3415,30578613281 -65,41982
3415,45593261719 -71,32023
3415,60607910156 -43,83095
3415,75622558594 -64,79042
3415,90637207031 -50,05096
3416,05651855469 -66,19312
3416,20666503906 -47,23305
3416,35681152344 -41,33857
3416,50695800781 -39,21075
3416,65710449219 -46,03067
3416,80725097656 -40,91606
3416,95739746094 -46,09729
3417,10754394531 -39,88358
3417,25769042969 -20,47967
3417,40783691406 -44,80705
3417,55798339844 -19,2234
3417,70812988281 -23,2319
3417,85827636719 -20,31828
3418,00842285156 -28,23959
3268,00842285156 4,303008
3268,15856933594 8,606016
3268,30871582031 -2,891377
3268,45886230469 -2,943307
3268,60900878906 0,1751811
3268,75915527344 2,762278
3268,90930175781 -26,75465
3269,05944824219 3,256078
3269,20959472656 -10,79679
3269,35974121094 -14,54707
3269,50988769531 -3,140177
3269,66003417969 -5,651921
3269,81018066406 -18,58336
3269,96032714844 -10,84448
3270,11047363281 -8,992691
3270,26062011719 -4,101047
3270,41076660156 -5,917039
3270,56091308594 -9,500858
3270,71105957031 -21,30078
3270,86120605469 -2,58426
3271,01135253906 3,311656
3271,16149902344 -15,75806
3271,31164550781 -9,651267
3271,46179199219 6,924085
3271,61193847656 9,777785
3271,76208496094 -21,21529
3271,91223144531 -27,36906
3272,06237792969 1,35559
3272,21252441406 5,080134
3272,36267089844 -0,8260265
3272,51281738281 -1,913907
3272,66296386719 4,856756
3272,81311035156 -15,29206
3272,96325683594 -11,62031
3273,11340332031 3,282684
3273,26354980469 -1,209593
3273,41369628906 -13,10652
3273,56384277344 -21,91673
3273,71398925781 -0,4179075
3273,86413574219 -5,029585
3274,01428222656 -13,27167
3274,16442871094 -3,837591
3274,31457519531 -21,55939
3274,46502685547 3,09508
3274,61517333984 3,088857
3274,76531982422 9,857316
3274,91546630859 8,127931
3275,06561279297 -20,16638
3275,21575927734 -10,82782
3275,36590576172 3,634724
3275,51605224609 6,32847
3275,66619873047 -0,06952018
3275,81634521484 3,044107
3275,96649169922 0,396591
3276,11663818359 8,916755
3276,26678466797 -0,8240258
3276,41693115234 7,619777
3276,56707763672 2,657044
3276,71722412109 -4,010186
3276,86737060547 19,03342
3277,01751708984 6,724056
3277,16766357422 14,71188
3277,31781005859 1,614784
3277,46795654297 7,31949
3277,61810302734 6,85445
3277,76824951172 8,478303
3277,91839599609 9,664657
3278,06854248047 16,59674
3278,21868896484 9,411183
3278,36883544922 17,18499
3278,51898193359 19,53125
3278,66912841797 9,770067
3278,81927490234 23,78519
3278,96942138672 29,51113
3279,11956787109 30,2378
3279,26971435547 -0,9227124
3279,41986083984 11,10869
3279,57000732422 11,56527
3279,72015380859 23,51215
3279,87030029297 23,18897
3280,02044677734 23,78882
3280,17059326172 18,54641
3280,32073974609 3,758004
3280,47088623047 7,351815
3280,62103271484 19,22686
3280,77117919922 14,65271
3280,92132568359 19,57159
3281,07147216797 20,6814
3281,22161865234 -7,224771
3281,37176513672 2,846411
3281,52191162109 4,980447
3281,67205810547 -17,63397
3281,82220458984 -5,229328
3281,97235107422 -22,23459
3282,12249755859 5,560602
3282,27264404297 -0,4443091
3282,42279052734 -25,38188
3282,57293701172 -6,878477
3282,72308349609 8,64214
3282,87322998047 -8,520436
3283,02337646484 -19,39543
3283,17352294922 10,41182
3283,32366943359 -7,399727
3283,47381591797 -21,01188
3283,62396240234 -0,9313915
3283,77410888672 -1,275558
3283,92425537109 -7,339598
3284,07440185547 -7,26577
3284,22454833984 17,81955
3284,37469482422 11,03716
3284,52484130859 -0,1059297
3284,67498779297 10,88847
3284,82513427734 -1,396525
3284,97528076172 -10,79723
3285,12542724609 -9,161104
3285,27557373047 -23,70003
3285,42572021484 -36,57027
3285,57586669922 -23,10888
3285,72601318359 -42,10535
3285,87615966797 -31,95393
3286,02630615234 -18,57289
3286,17645263672 -61,26874
3286,32659912109 -55,07565
3286,47674560547 -52,87027
3286,62689208984 -69,62097
3286,77703857422 -54,21424
3286,92718505859 -64,19167
3287,07763671875 -67,29249
3287,22778320313 -60,23078
3287,3779296875 -66,09449
3287,52807617188 -45,13223
3287,67822265625 -49,09735
3287,82836914063 -65,49598
3287,978515625 -22,01043
3288,12866210938 -36,57897
3288,27880859375 -44,61758
3288,42895507813 -47,44228
3288,5791015625 -32,46124
3288,72924804688 -37,95073
3288,87939453125 -18,88322
3289,02954101563 -37,8028
3289,1796875 -12,07684
3289,32983398438 -15,08541
3289,47998046875 -12,61565
3289,63012695313 3,004844
3289,7802734375 -18,49774
3289,93041992188 -11,77996
3290,08056640625 8,735333
3290,23071289063 -0,9591331
3290,380859375 25,22291
3290,53100585938 21,39318
3290,68115234375 28,04871
3290,83129882813 32,50504
3290,9814453125 57,65848
3291,13159179688 60,33943
3291,28173828125 71,06681
3291,43188476563 76,15443
3291,58203125 91,10181
3291,73217773438 116,775
3291,88232421875 139,2619
3292,03247070313 153,0228
3292,1826171875 171,6244
3292,33276367188 198,0454
3292,48291015625 232,9715
3292,63305664063 277,5811
3292,783203125 323,9252
3292,93334960938 402,1748
3293,08349609375 491,0365
3293,23364257813 627,4091
3293,3837890625 775,2007
3293,53393554688 992,3423
3293,68408203125 1323,071
3293,83422851563 1831,582
3293,984375 2557,082
3294,13452148438 3575,315
3294,28466796875 4854,226
3294,43481445313 6249,04
3294,5849609375 7342,655
3294,73510742188 7782,719
3294,88525390625 7442,778
3295,03540039063 6532,105
3295,185546875 5303,731
3295,33569335938 3947,548
3295,48583984375 2544,453
3295,63598632813 1207,667
3295,7861328125 -139,8869
3295,93627929688 -1552,801
3296,08642578125 -2982,5
3296,23657226563 -4366,631
3296,38671875 -5698,997
3296,53686523438 -6918,981
3296,68701171875 -7734,732
3296,83715820313 -7859,96
3296,9873046875 -7126,334
3297,13745117188 -5855,499
3297,28759765625 -4484
3297,43774414063 -3325,403
3297,587890625 -2421,081
3297,73803710938 -1750,28
3297,88818359375 -1328,524
3298,03833007813 -1012,848
3298,1884765625 -808,4717
3298,33862304688 -648,6757
3298,48876953125 -533,725
3298,63891601563 -454,7466
3298,7890625 -380,8762
3298,93920898438 -334,7752
3299,08935546875 -296,3097
3299,23950195313 -245,6793
3299,3896484375 -232,4033
3299,54010009766 -215,2465
3299,69024658203 -191,0293
3299,84039306641 -155,4086
3299,99053955078 -131,3906
3300,14068603516 -135,8335
3300,29083251953 -119,6983
3300,44097900391 -98,31886
3300,59112548828 -101,2544
3300,74127197266 -82,23951
3300,89141845703 -70,68126
3301,04156494141 -65,34856
3301,19171142578 -59,76496
3301,34185791016 -53,15293
3301,49200439453 -39,0394
3301,64215087891 -51,70471
3301,79229736328 -40,71426
3301,94244384766 -33,73742
3302,09259033203 -34,92651
3302,24273681641 -30,18246
3302,39288330078 -16,68814
3302,54302978516 -15,66651
3302,69317626953 -17,52218
3302,84332275391 -17,04899
3302,99346923828 -11,69481
3303,14361572266 -12,36609
3303,29376220703 -19,38045
3303,44390869141 11,19363
3303,59405517578 -3,00747
3303,74420166016 7,416208
3303,89434814453 7,016358
3304,04449462891 9,780595
3304,19464111328 24,32308
3304,34478759766 -9,437185
3304,49493408203 -3,32878
3304,64508056641 8,247982
3304,79522705078 -8,125209
3304,94537353516 -11,4279
3305,09552001953 -15,46733
3305,24566650391 -24,76122
3305,39581298828 -4,057756
3305,54595947266 -19,832
3305,69610595703 -32,48277
3305,84625244141 -51,23246
3305,99639892578 -59,3296
3306,14654541016 -36,65331
3306,29669189453 -52,75444
3306,44683837891 -63,88444
3306,59698486328 -53,96624
3306,74713134766 -66,01733
3306,89727783203 -59,61273
3307,04742431641 -55,23624
3307,19757080078 -45,79834
3307,34771728516 -67,67345
3307,49786376953 -52,33325
3307,64801025391 -41,88171
3307,79815673828 -49,973
3307,94830322266 -60,80449
3308,09844970703 -62,26838
3308,24859619141 -52,18586
3308,39874267578 -67,82693
3308,54888916016 -68,5773
3308,69903564453 -59,13997
3308,84918212891 -87,35587
3308,99932861328 -69,44369
3309,14947509766 -66,72178
3309,29962158203 -60,26077
3309,44976806641 -75,37985
3309,59991455078 -58,40515
3309,75006103516 -71,75346
3309,90020751953 -65,77637
3310,05035400391 -76,81258
3310,20050048828 -73,55402
3310,35064697266 -75,86739
3310,50079345703 -82,74746
3310,65093994141 -70,75779
3310,80108642578 -59,48963
3310,95123291016 -72,9138
3311,10137939453 -71,40097
3311,25152587891 -93,01
3311,40167236328 -64,77921
3311,55181884766 -71,79111
3311,70196533203 -78,18594
3311,85211181641 -92,78963
3312,00256347656 -47,74091
3312,15270996094 -62,24601
3312,30285644531 -73,93062
3312,45300292969 -85,33234
3312,60314941406 -67,11247
3312,75329589844 -71,10798
3312,90344238281 -65,43974
3313,05358886719 -67,26715
3313,20373535156 -52,93897
3313,35388183594 -50,41062
3313,50402832031 -47,99696
3313,65417480469 -50,76474
3313,80432128906 -49,461
3313,95446777344 -53,72792
3314,10461425781 -46,87075
3314,25476074219 -43,50743
3314,40490722656 -59,085
3314,55505371094 -49,38963
3314,70520019531 -65,41956
3314,85534667969 -61,63062
3315,00549316406 -72,68169
3315,15563964844 -49,43998
3315,30578613281 -50,76116
3315,45593261719 -57,89774
3315,60607910156 -48,25605
3315,75622558594 -53,42099
3315,90637207031 -42,69712
3316,05651855469 -42,62684
3316,20666503906 -34,29888
3316,35681152344 -59,27239
3316,50695800781 -52,70976
3316,65710449219 -40,79449
3316,80725097656 -36,76126
3316,95739746094 -49,28307
3317,10754394531 -43,20384
3317,25769042969 -44,60099
3317,40783691406 -64,1076
3317,55798339844 -49,56047
3317,70812988281 -40,00348
3317,85827636719 -49,33424
3318,00842285156 -52,9397
3318,15856933594 -42,30334
3318,30871582031 -39,44577
3318,45886230469 -37,91738
3318,60900878906 -55,14865
3318,75915527344 -41,34799
3318,90930175781 -30,58475
3319,05944824219 -36,79425
3319,20959472656 -34,11946
3319,35974121094 -34,23689
3319,50988769531 -54,70433
3319,66003417969 -44,05454
3319,81018066406 -39,57639
3319,96032714844 -24,3173
3320,11047363281 -34,55307
3320,26062011719 -40,47491
3320,41076660156 -42,19441
3320,56091308594 -14,22589
3320,71105957031 -25,29828
3320,86120605469 -44,3918
3321,01135253906 -6,404328
3321,16149902344 -37,91671
3321,31164550781 -35,00826
3321,46179199219 -41,583
3321,61193847656 -46,52272
3321,76208496094 -29,52884
3321,91223144531 -35,92408
3322,06237792969 -39,27179
3322,21252441406 -36,57534
3322,36267089844 -50,28613
3322,51281738281 -42,18921
3322,66296386719 -55,35418
3322,81311035156 -54,38451
3322,96325683594 -56,93064
3323,11340332031 -40,84211
3323,26354980469 -46,04045
3323,41369628906 -53,16229
3323,56384277344 -60,35337
3323,71398925781 -56,28348
3323,86413574219 -71,46152
3324,01428222656 -79,24177
3324,16442871094 -83,19657
3324,31457519531 -79,64508
3324,46502685547 -95,25509
3324,61517333984 -125,9612
3324,76531982422 -110,2223
3324,91546630859 -110,6118
3325,06561279297 -112,6146
3325,21575927734 -131,434
3325,36590576172 -122,2044
3325,51605224609 -127,737
3325,66619873047 -133,9985
3325,81634521484 -108,035
3325,96649169922 -120,8181
3326,11663818359 -101,5091
3326,26678466797 -70,91595
3326,41693115234 -54,1952
3326,56707763672 -30,10858
3326,71722412109 -28,79935
3326,86737060547 -30,95363
3327,01751708984 -1,544912
3327,16766357422 -1,566939
3327,31781005859 -15,28461
3327,46795654297 -13,96152
3327,61810302734 -33,67823
3327,76824951172 -18,01679
3327,91839599609 -38,0787
3328,06854248047 -17,14894
3328,21868896484 -48,02187
3328,36883544922 -52,63957
3328,51898193359 -51,62144
3328,66912841797 -53,38452
3328,81927490234 -59,39313
3328,96942138672 -70,12995
3329,11956787109 -57,23782
3329,26971435547 -44,51917
3329,41986083984 -36,30337
3329,57000732422 -46,78158
3329,72015380859 -15,54758
3329,87030029297 -16,23483
3330,02044677734 -6,499382
3330,17059326172 4,355655
3330,32073974609 -3,041378
3330,47088623047 11,24077
3330,62103271484 24,20449
3330,77117919922 25,11588
3330,92132568359 14,92107
3331,07147216797 4,515276
3331,22161865234 30,83001
3331,37176513672 27,51721
3331,52191162109 22,92553
3331,67205810547 56,90605
3331,82220458984 30,60567
3331,97235107422 37,9947
3332,12249755859 31,94162
3332,27264404297 54,13335
3332,42279052734 56,30117
3332,57293701172 41,26846
3332,72308349609 50,954
3332,87322998047 57,50422
3333,02337646484 48,3547
3333,17352294922 74,51367
3333,32366943359 80,40887
3333,47381591797 104,4449
3333,62396240234 80,79018
3333,77410888672 109,9327
3333,92425537109 95,12689
3334,07440185547 98,30628
3334,22454833984 115,0325
3334,37469482422 103,1116
3334,52484130859 112,1738
3334,67498779297 121,8551
3334,82513427734 138,2309
3334,97528076172 135,4242
3335,12542724609 138,5825
3335,27557373047 158,0527
3335,42572021484 165,4534
3335,57586669922 171,587
3335,72601318359 157,0733
3335,87615966797 181,1777
3336,02630615234 188,4951
3336,17645263672 213,049
3336,32659912109 220,7645
3336,47674560547 237,7122
3336,62689208984 240,1005
3336,77703857422 267,0026
3336,92718505859 283,8647
3337,07763671875 295,55
3337,22778320313 325,6325
3337,3779296875 342,6028
3337,52807617188 349,445
3337,67822265625 393,0408
3337,82836914063 408,8622
3337,978515625 442,4343
3338,12866210938 473,4086
3338,27880859375 498,2101
3338,42895507813 548,1629
3338,5791015625 620,2656
3338,72924804688 647,2945
3338,87939453125 697,2757
3339,02954101563 783,3586
3339,1796875 841,4144
3339,32983398438 933,2208
3339,47998046875 1024,951
3339,63012695313 1117,146
3339,7802734375 1266,673
3339,93041992188 1422,629
3340,08056640625 1595,944
3340,23071289063 1793,216
3340,380859375 2074,557
3340,53100585938 2379,534
3340,68115234375 2789,065
3340,83129882813 3237,527
3340,9814453125 3784,882
3341,13159179688 4480,38
3341,28173828125 5233,174
3341,43188476563 6023,338
3341,58203125 6820,711
3341,73217773438 7503,033
3341,88232421875 7995,025
3342,03247070313 8226,392
3342,1826171875 8186,507
3342,33276367188 7897,425
3342,48291015625 7366,074
3342,63305664063 6630,953
3342,783203125 5686,017
3342,93334960938 4604,109
3343,08349609375 3337,998
3343,23364257813 1916,281
3343,3837890625 395,1017
3343,53393554688 -1203,417
3343,68408203125 -2764,712
3343,83422851563 -4151,735
3343,984375 -5319,029
3344,13452148438 -6245,101
3344,28466796875 -6867,231
3344,43481445313 -7229,439
3344,5849609375 -7370,367
3344,73510742188 -7324,023
3344,88525390625 -7169,62
3345,03540039063 -6891,514
3345,185546875 -6566,872
3345,33569335938 -6109,595
3345,48583984375 -5625,716
3345,63598632813 -5070,793
3345,7861328125 -4516,046
3345,93627929688 -3973,58
3346,08642578125 -3476,806
3346,23657226563 -3030,953
3346,38671875 -2612,981
3346,53686523438 -2290,434
3346,68701171875 -1995,253
3346,83715820313 -1730,301
3346,9873046875 -1529,207
3347,13745117188 -1334,64
3347,28759765625 -1190,163
3347,43774414063 -1064,094
3347,587890625 -933,3248
3347,73803710938 -836,8069
3347,88818359375 -735,9272
3348,03833007813 -640,7015
3348,1884765625 -581,3976
3348,33862304688 -524,9865
3348,48876953125 -480,643
3348,63891601563 -457,8762
3348,7890625 -421,6961
3348,93920898438 -397,2666
3349,08935546875 -373,1359
3349,23950195313 -356,5798
3349,3896484375 -343,2367
3349,54010009766 -332,7525
3349,69024658203 -325,847
3349,84039306641 -310,8735
3349,99053955078 -308,1343
3350,14068603516 -305,6716
3350,29083251953 -285,271
3350,44097900391 -274,5623
3350,59112548828 -251,0098
3350,74127197266 -235,7987
3350,89141845703 -213,8402
3351,04156494141 -204,2997
3351,19171142578 -192,9094
3351,34185791016 -173,8766
3351,49200439453 -186,3694
3351,64215087891 -173,1995
3351,79229736328 -156,9246
3351,94244384766 -150,7384
3352,09259033203 -136,6971
3352,24273681641 -146,6137
3352,39288330078 -133,7627
3352,54302978516 -112,8917
3352,69317626953 -113,9881
3352,84332275391 -124,7781
3352,99346923828 -113,0656
3353,14361572266 -104,5883
3353,29376220703 -102,2313
3353,44390869141 -67,41426
3353,59405517578 -62,02998
3353,74420166016 -54,50438
3353,89434814453 -66,39909
3354,04449462891 -55,90563
3354,19464111328 -52,29048
3354,34478759766 -55,13923
3354,49493408203 -52,39567
3354,64508056641 -38,79795
3354,79522705078 -27,93023
3354,94537353516 -2,700977
3355,09552001953 5,082208
3355,24566650391 -5,173004
3355,39581298828 8,179193
3355,54595947266 20,22203
3355,69610595703 -6,549657
3355,84625244141 10,96556
3355,99639892578 0,17733
3356,14654541016 -5,438739
3356,29669189453 -18,48058
3356,44683837891 -8,936234
3356,59698486328 -26,86535
3356,74713134766 -12,13042
3356,89727783203 -50,94299
3357,04742431641 -32,68889
3357,19757080078 -24,28122
3357,34771728516 -23,30344
3357,49786376953 -39,90349
3357,64801025391 -31,40472
3357,79815673828 -28,85411
3357,94830322266 -22,86264
3358,09844970703 -22,73386
3358,24859619141 -30,9063
3358,39874267578 -44,30104
3358,54888916016 -28,20871
3358,69903564453 -28,06867
3358,84918212891 -22,27366
3358,99932861328 -17,74541
3359,14947509766 -28,02761
3359,29962158203 -25,19594
3359,44976806641 -12,59175
3359,59991455078 -31,19151
3359,75006103516 -8,537186
3359,90020751953 -18,24561
3360,05035400391 -19,90734
3360,20050048828 -0,8877912
3360,35064697266 -17,86856
3360,50079345703 -17,64633
3360,65093994141 7,56359
3360,80108642578 9,740917
3360,95123291016 2,292808
3361,10137939453 15,09254
3361,25152587891 -13,1841
3361,40167236328 -5,864406
3361,55181884766 -11,88731
3361,70196533203 -9,620587
3361,85211181641 -6,025199
3362,00256347656 -3,125402
3362,15270996094 -24,12729
3362,30285644531 2,729098
3362,45300292969 6,994586
3362,60314941406 -14,61953
3362,75329589844 -0,8070573
3362,90344238281 -23,36302
3363,05358886719 -2,19202
3363,20373535156 -25,76439
3363,35388183594 -11,81494
3363,50402832031 -5,773063
3363,65417480469 -4,649452
3363,80432128906 -17,9379
3363,95446777344 -13,39767
3364,10461425781 -25,47841
3364,25476074219 -22,05411
3364,40490722656 -24,14514
3364,55505371094 -4,317537
3364,70520019531 -20,08542
3364,85534667969 -2,214792
3365,00549316406 0,3361053
3365,15563964844 -26,68431
3365,30578613281 -5,181536
3365,45593261719 -14,80218
3365,60607910156 -17,27116
3365,75622558594 -5,004832
3365,90637207031 6,510423
3366,05651855469 -11,03041
3366,20666503906 -10,22494
3366,35681152344 1,152355
3366,50695800781 -6,361899
3366,65710449219 18,14079
3366,80725097656 -6,6108
3366,95739746094 -5,326735
3367,10754394531 4,484107
3367,25769042969 18,17042
3367,40783691406 -10,45786
3367,55798339844 9,497025
3367,70812988281 8,63326
3367,85827636719 -0,8877527
3368,00842285156 12,04816
3368,15856933594 -13,51612
3368,30871582031 4,870853
3368,45886230469 -8,263965
3368,60900878906 -13,18952
3368,75915527344 -29,12677
3368,90930175781 -23,90284
3369,05944824219 -28,09233
3369,20959472656 -36,96058
3369,35974121094 -43,89354
3369,50988769531 -44,97112
3369,66003417969 -62,38756
3369,81018066406 -46,64035
3369,96032714844 -49,62017
3370,11047363281 -37,95227
3370,26062011719 -72,44167
3370,41076660156 -58,45567
3370,56091308594 -50,26366
3370,71105957031 -47,17378
3370,86120605469 -63,82401
3371,01135253906 -41,04438
3371,16149902344 -54,85976
3371,31164550781 -40,52089
3371,46179199219 -48,52092
3371,61193847656 -49,05342
3371,76208496094 -42,90452
3371,91223144531 -62,1955
3372,06237792969 -46,46535
3372,21252441406 -48,39613
3372,36267089844 -55,04277
3372,51281738281 -41,10177
3372,66296386719 -38,46103
3372,81311035156 -36,55891
3372,96325683594 -35,48997
3373,11340332031 -34,61238
3373,26354980469 -35,06854
3373,41369628906 -4,80839
3373,56384277344 -30,53871
3373,71398925781 -32,06834
3373,86413574219 -29,7038
3374,01428222656 -25,90982
3374,16442871094 -36,10022
3374,31457519531 -18,33099
3374,46502685547 -33,74783
3374,61517333984 -22,50198
3374,76531982422 -44,76817
3374,91546630859 -17,71124
3375,06561279297 -11,32011
3375,21575927734 -3,300161
3375,36590576172 0,9557148
3375,51605224609 -4,647473
3375,66619873047 11,19407
3375,81634521484 2,740291
3375,96649169922 21,56835
3376,11663818359 56,60844
3376,26678466797 49,07933
3376,41693115234 48,85971
3376,56707763672 70,42976
3376,71722412109 83,02834
3376,86737060547 89,64312
3377,01751708984 113,5409
3377,16766357422 112,7283
3377,31781005859 146,5734
3377,46795654297 158,1193
3377,61810302734 190,0399
3377,76824951172 212,5533
3377,91839599609 251,4046
3378,06854248047 305,6858
3378,21868896484 379,0868
3378,36883544922 436,0056
3378,51898193359 519,1479
3378,66912841797 633,4257
3378,81927490234 825,3924
3378,96942138672 1065,732
3379,11956787109 1421,385
3379,26971435547 1897,506
3379,41986083984 2668,163
3379,57000732422 3663,478
3379,72015380859 4964,072
3379,87030029297 6291,193
3380,02044677734 7342,724
3380,17059326172 7794,594
3380,32073974609 7486,715
3380,47088623047 6575,28
3380,62103271484 5378,124
3380,77117919922 4050,169
3380,92132568359 2692,958
3381,07147216797 1348,81
3381,22161865234 43,19197
3381,37176513672 -1289,951
3381,52191162109 -2610,878
3381,67205810547 -3938,763
3381,82220458984 -5264,896
3381,97235107422 -6429,907
3382,12249755859 -7236,418
3382,27264404297 -7355,544
3382,42279052734 -6634,638
3382,57293701172 -5458,857
3382,72308349609 -4219,771
3382,87322998047 -3141,557
3383,02337646484 -2375,023
3383,17352294922 -1929,969
3383,32366943359 -1579,052
3383,47381591797 -1372,618
3383,62396240234 -1248,819
3383,77410888672 -1159,266
3383,92425537109 -1061,588
3384,07440185547 -937,7765
3384,22454833984 -825,832
3384,37469482422 -698,1079
3384,52484130859 -598,3972
3384,67498779297 -509,9064
3384,82513427734 -436,4055
3384,97528076172 -365,2378
3385,12542724609 -304,6155
3385,27557373047 -267,9951
3385,42572021484 -238,8866
3385,57586669922 -214,0448
3385,72601318359 -185,1515
3385,87615966797 -174,9023
3386,02630615234 -154,7007
3386,17645263672 -134,2159
3386,32659912109 -137,8519
3386,47674560547 -101,6595
3386,62689208984 -109,1341
3386,77703857422 -86,26315
3386,92718505859 -90,89523
3387,07763671875 -71,33149
3387,22778320313 -66,16746
3387,3779296875 -68,46883
3387,52807617188 -67,13039
3387,67822265625 -56,64222
3387,82836914063 -33,71295
3387,978515625 -38,36441
3388,12866210938 -47,37304
3388,27880859375 -23,02401
3388,42895507813 -33,65758
3388,5791015625 -13,6181
3388,72924804688 -19,24527
3388,87939453125 -14,24432
3389,02954101563 -33,27181
3389,1796875 -12,02709
3389,32983398438 -4,739468
3389,47998046875 -25,96677
3389,63012695313 -21,20109
3389,7802734375 -19,76577
3389,93041992188 -8,377602
3390,08056640625 -8,258528
3390,23071289063 -5,09468
3390,380859375 -5,068122
3390,53100585938 -4,095201
3390,68115234375 8,7474
3390,83129882813 -3,545182
3390,9814453125 -4,193267
3391,13159179688 2,948427
3391,28173828125 -15,24709
3391,43188476563 -16,51715
3391,58203125 -34,50607
3391,73217773438 -26,39545
3391,88232421875 -15,07675
3392,03247070313 -25,87859
3392,1826171875 -40,23175
3392,33276367188 -32,24553
3392,48291015625 -49,71787
3392,63305664063 -31,83622
3392,783203125 -46,61783
3392,93334960938 -52,62218
3393,08349609375 -75,04509
3393,23364257813 -62,5236
3393,3837890625 -68,59219
3393,53393554688 -78,11167
3393,68408203125 -75,31355
3393,83422851563 -82,18186
3393,984375 -80,38525
3394,13452148438 -97,55226
3394,28466796875 -98,61074
3394,43481445313 -100,6559
3394,5849609375 -93,6552
3394,73510742188 -66,38744
3394,88525390625 -86,34539
3395,03540039063 -92,67511
3395,185546875 -100,6548
3395,33569335938 -88,74385
3395,48583984375 -92,08793
3395,63598632813 -83,90295
3395,7861328125 -71,17191
3395,93627929688 -82,24184
3396,08642578125 -67,40476
3396,23657226563 -65,10529
3396,38671875 -77,41185
3396,53686523438 -56,45221
3396,68701171875 -80,75484
3396,83715820313 -67,70949
3396,9873046875 -82,82343
3397,13745117188 -63,57045
3397,28759765625 -64,69152
3397,43774414063 -70,61413
3397,587890625 -43,39415
3397,73803710938 -63,66882
3397,88818359375 -59,42439
3398,03833007813 -65,98424
3398,1884765625 -73,83593
3398,33862304688 -52,76664
3398,48876953125 -62,7589
3398,63891601563 -49,10061
3398,7890625 -66,5098
3398,93920898438 -68,61069
3399,08935546875 -58,57744
3399,23950195313 -70,34229
3399,3896484375 -55,98381
3399,54010009766 -50,00114
3399,69024658203 -63,27275
3399,84039306641 -52,78828
3399,99053955078 -55,16232
3400,14068603516 -52,31789
3400,29083251953 -65,05257
3400,44097900391 -58,66499
3400,59112548828 -51,69065
3400,74127197266 -40,17574
3400,89141845703 -51,10301
3401,04156494141 -59,46771
3401,19171142578 -47,15067
3401,34185791016 -37,75274
3401,49200439453 -51,49776
3401,64215087891 -57,03763
3401,79229736328 -55,78334
3401,94244384766 -60,03791
3402,09259033203 -43,40419
3402,24273681641 -38,55685
3402,39288330078 -49,09793
3402,54302978516 -58,38042
3402,69317626953 -28,24306
3402,84332275391 -42,60101
3402,99346923828 -47,26095
3403,14361572266 -54,01407
3403,29376220703 -62,12251
3403,44390869141 -48,80003
3403,59405517578 -47,52406
3403,74420166016 -64,99836
3403,89434814453 -46,15391
3404,04449462891 -38,29234
3404,19464111328 -73,82957
3404,34478759766 -53,93275
3404,49493408203 -47,49483
3404,64508056641 -63,1619
3404,79522705078 -48,81712
3404,94537353516 -83,30718
3405,09552001953 -66,17899
3405,24566650391 -68,74017
3405,39581298828 -63,96914
3405,54595947266 -72,67332
3405,69610595703 -77,36906
3405,84625244141 -80,79337
3405,99639892578 -74,45853
3406,14654541016 -90,7394
3406,29669189453 -83,70337
3406,44683837891 -103,0807
3406,59698486328 -93,00965
3406,74713134766 -69,50662
3406,89727783203 -75,33852
3407,04742431641 -70,90521
3407,19757080078 -62,87388
3407,34771728516 -56,4986
3407,49786376953 -57,41223
3407,64801025391 -65,90515
3407,79815673828 -69,75588
3407,94830322266 -51,71437
3408,09844970703 -49,11911
3408,24859619141 -24,48623
3408,39874267578 -47,0772
3408,54888916016 -33,87129
3408,69903564453 -58,72835
3408,84918212891 -29,83451
3408,99932861328 -22,8888
3409,14947509766 -53,64745
3409,29962158203 -55,59287
3409,44976806641 -54,39259
3409,59991455078 -34,25168
3409,75006103516 -54,97455
3409,90020751953 -58,92583
3410,05035400391 -74,54101
3410,20050048828 -78,30733
3410,35064697266 -61,17071
3410,50079345703 -41,80879
3410,65093994141 -60,93666
3410,80108642578 -53,99493
3410,95123291016 -40,21209
3411,10137939453 -42,82403
3411,25152587891 -32,75498
3411,40167236328 -50,35247
3411,55181884766 -53,00161
3411,70196533203 -52,54622
3411,85211181641 -50,63591
3412,00256347656 -37,88466
3412,15270996094 -51,05547
3412,30285644531 -55,91516
3412,45300292969 -25,31508
3412,60314941406 -32,28286
3412,75329589844 -45,10986
3412,90344238281 -50,08549
3413,05358886719 -62,13094
3413,20373535156 -75,21038
3413,35388183594 -70,09411
3413,50402832031 -84,8882
3413,65417480469 -106,1773
3413,80432128906 -80,65391
3413,95446777344 -102,337
3414,10461425781 -95,91552
3414,25476074219 -119,6963
3414,40490722656 -99,27392
3414,55505371094 -107,1313
3414,70520019531 -114,3137
3414,85534667969 -115,4457
3415,00549316406 -91,83678
3415,15563964844 -92,3962
3415,30578613281 -65,41982
3415,45593261719 -71,32023
3415,60607910156 -43,83095
3415,75622558594 -64,79042
3415,90637207031 -50,05096
3416,05651855469 -66,19312
3416,20666503906 -47,23305
3416,35681152344 -41,33857
3416,50695800781 -39,21075
3416,65710449219 -46,03067
3416,80725097656 -40,91606
3416,95739746094 -46,09729
3417,10754394531 -39,88358
3417,25769042969 -20,47967
3417,40783691406 -44,80705
3417,55798339844 -19,2234
3417,70812988281 -23,2319
3417,85827636719 -20,31828
3418,00842285156 -28,23959
